650
345.848
345.848
345.848
345.848
346.129
346.411
346.692
346.972
347.253
347.533
347.813
348.093
348.372
348.651
348.93
349.209
349.487
349.765
350.043
350.32
350.597
350.874
351.151
351.427
340.775
321.895
322.201
322.506
322.811
323.116
323.42
323.724
324.028
324.331
324.634
324.937
325.24
325.542
325.844
326.145
326.447
326.748
327.048
327.349
327.649
327.949
328.248
328.548
328.846
329.145
329.443
327.472
310.498
333.345
333.662
333.978
334.294
334.61
334.925
335.24
335.555
335.87
336.184
336.498
336.811
337.124
337.437
337.75
338.062
338.374
338.685
338.997
339.308
339.618
339.929
340.239
340.549
340.858
341.167
341.476
341.785
342.093
342.401
342.708
343.016
343.323
343.629
343.936
344.242
344.547
344.853
345.158
345.463
345.767
346.072
346.376
346.679
346.983
347.286
347.588
347.891
348.193
348.495
348.796
349.097
349.398
349.699
349.999
350.299
350.599
350.898
351.197
351.496
351.795
352.093
352.391
352.688
352.986
353.283
353.579
353.876
354.172
354.468
354.763
355.059
355.354
355.648
355.943
356.237
356.53
356.824
357.117
357.41
357.702
357.995
358.287
358.578
358.87
359.161
359.452
359.742
360.033
360.323
360.612
360.902
361.191
361.48
361.768
362.056
362.344
362.632
362.919
363.206
363.493
363.78
364.066
364.352
364.638
364.923
365.208
365.493
365.777
366.061
366.345
366.629
366.912
367.196
367.478
367.761
368.043
368.325
368.607
368.888
369.169
369.45
369.731
370.011
370.291
370.571
370.85
371.129
371.408
371.687
371.965
372.243
372.521
372.798
373.075
373.352
373.629
373.905
374.181
374.457
374.733
375.008
375.283
375.558
375.832
376.106
376.38
376.654
376.927
377.2
377.473
377.746
378.018
378.29
378.562
378.833
379.104
379.375
379.646
379.916
380.186
380.456
380.726
380.995
381.264
381.533
381.801
382.069
382.337
382.605
382.872
383.139
383.406
383.673
383.939
384.205
384.471
384.736
385.002
385.267
385.531
385.796
386.06
386.324
386.588
386.851
387.114
387.377
387.64
387.902
388.164
388.426
388.688
388.949
389.21
389.471
389.731
389.992
390.252
390.511
390.771
391.03
391.289
391.548
391.806
392.064
392.322
392.58
392.837
393.095
393.352
393.608
393.865
394.121
394.377
394.632
394.888
395.143
395.398
395.652
395.907
396.161
396.414
396.668
396.921
397.174
397.427
397.68
397.932
398.184
398.436
398.688
398.939
399.19
399.441
399.691
399.942
400.192
400.442
400.691
400.94
401.189
401.438
401.687
401.935
402.183
402.431
402.679
402.926
403.173
403.42
403.666
403.913
404.159
404.405
404.65
404.896
405.141
405.386
405.63
405.875
406.119
406.363
406.606
406.85
407.093
407.336
407.578
407.821
408.063
408.305
408.547
408.788
409.029
409.27
409.511
409.751
409.992
410.232
410.471
410.711
410.95
411.189
411.428
411.667
411.905
412.143
412.381
412.619
412.856
413.093
413.33
413.567
413.803
414.039
414.275
414.511
414.746
414.982
415.217
415.452
415.686
415.92
416.154
416.388
416.622
416.855
417.088
417.321
417.554
417.786
