1390
1746.47
2102.95
2459.42
2815.9
3172.66
3529.69
3887.01
4244.61
4602.49
4960.65
5319.09
5677.81
6036.81
6396.09
6755.65
7115.49
7475.6
7835.99
8196.66
8557.61
8918.83
9280.33
9642.11
10004.2
10355.6
10688.1
11020.9
11354.1
11687.5
12021.2
12355.3
12689.6
13024.3
13359.2
13694.5
14030.1
14365.9
14702.1
15038.6
15375.3
15712.4
16049.8
16387.5
16725.5
17063.7
17402.3
17741.2
18080.4
18419.8
18759.6
19099.7
19437.8
19758.9
20092.2
20425.9
20759.9
21094.2
21428.8
21763.7
22098.9
22434.5
22770.4
23106.6
23443.1
23779.9
24117
24454.4
24792.2
25130.2
25468.6
25807.3
26146.3
26485.6
26825.2
27165.2
27505.4
27845.9
28186.8
28528
28869.4
29211.2
29553.3
29895.7
30238.4
30581.4
30924.8
31268.4
31612.3
31956.6
32301.1
32646
32991.1
33336.6
33682.4
34028.4
34374.8
34721.5
35068.5
35415.8
35763.3
36111.2
36459.4
36807.9
37156.7
37505.8
37855.2
38204.9
38554.9
38905.2
39255.8
39606.7
39957.9
40309.4
40661.2
41013.3
41365.7
41718.4
42071.4
42424.6
42778.2
43132.1
43486.3
43840.7
44195.5
44550.6
44905.9
45261.6
45617.5
45973.7
46330.3
46687.1
47044.2
47401.6
47759.3
48117.3
48475.6
48834.2
49193
49552.2
49911.7
50271.4
50631.4
50991.8
51352.4
51713.3
52074.5
52435.9
52797.7
53159.8
53522.1
53884.7
54247.7
54610.9
54974.4
55338.1
55702.2
56066.6
56431.2
56796.1
57161.3
57526.8
57892.6
58258.7
58625
58991.6
59358.5
59725.7
60093.2
60461
60829
61197.3
61566
61934.8
62304
62673.5
63043.2
63413.2
63783.5
64154.1
64524.9
64896
65267.5
65639.1
66011.1
66383.3
66755.9
67128.7
67501.7
67875.1
68248.7
68622.6
68996.8
69371.3
69746
70121
70496.3
70871.8
71247.7
71623.8
72000.2
72376.8
72753.7
73130.9
73508.4
73886.2
74264.2
74642.5
75021
75399.9
75779
76158.3
76538
76917.9
77298.1
77678.6
78059.3
78440.3
78821.5
79203.1
79584.9
79966.9
80349.3
80731.9
81114.8
81497.9
81881.3
82265
82648.9
83033.1
83417.6
83802.3
84187.3
84572.6
84958.1
85343.9
85730
86116.3
86502.9
86889.7
87276.9
87664.2
88051.9
88439.8
88827.9
89216.4
89605.1
89994
90383.2
90772.7
91162.4
91552.4
91942.7
92333.2
92723.9
93115
93506.3
93897.8
94289.6
94681.7
95074
95466.6
95859.4
96252.5
96645.9
97039.5
97433.3
97827.5
98221.8
98616.5
99011.4
99406.5
99801.9
100198
100593
100990
101386
101783
102180
102577
102974
103372
103770
104168
104566
104965
105364
105763
106163
106562
106962
107363
107763
108164
108565
108966
109367
109769
110171
110573
110975
111378
111781
112184
112588
112991
113395
113799
114204
114608
115013
115418
115824
116230
116635
117042
117448
117854
118261
118668
119076
119483
119891
120299
120708
121116
121525
121934
122343
122753
123162
123572
123983
124393
124804
125215
125626
126037
126449
126861
127273
127685
128098
128511
128924
129337
129751
130165
130579
130993
131408
131822
132237
132653
133068
133484
133900
134316
134732
135149
135566
135983
136400
136818
137235
