800
236.755
236.755
236.755
236.755
237.318
237.881
238.443
239.005
239.566
240.126
240.686
241.245
241.804
242.362
242.92
243.477
244.033
244.589
245.145
245.7
246.254
246.808
247.361
247.913
303.105
399.436
399.836
400.236
400.636
401.035
401.434
401.833
402.231
402.629
403.026
403.423
403.82
404.216
404.612
405.007
405.402
405.797
406.191
406.585
406.978
407.371
407.764
408.156
408.548
408.939
409.33
409.721
410.111
410.501
410.891
411.28
411.669
412.057
412.445
412.832
413.22
413.606
413.993
414.379
414.764
415.15
415.534
415.919
416.303
416.687
417.07
417.453
417.836
418.218
418.599
418.981
419.362
419.743
420.123
420.503
420.882
421.261
421.64
422.018
422.396
422.774
423.151
423.528
423.905
424.281
424.656
425.032
425.407
425.781
426.155
426.529
426.903
427.276
427.649
428.021
428.393
428.765
429.136
429.507
429.877
430.247
430.617
430.986
431.355
431.724
432.092
432.46
432.828
433.195
433.562
433.928
434.294
434.66
435.025
435.39
435.755
436.119
436.483
436.847
437.21
437.572
437.935
438.297
438.659
439.02
439.381
439.742
440.102
440.462
440.821
441.18
441.539
441.898
442.256
442.614
442.971
443.328
443.685
444.041
444.397
444.753
445.108
445.463
445.817
446.171
446.525
446.879
447.232
447.585
447.937
448.289
448.641
448.992
449.343
449.694
450.044
450.394
450.744
451.093
451.442
451.79
452.139
452.486
452.834
453.181
453.528
453.874
454.221
454.566
454.912
455.257
455.602
455.946
456.29
456.634
456.977
457.32
457.663
458.005
458.347
458.689
459.03
459.371
459.712
460.052
460.392
460.732
461.071
461.41
461.748
462.087
462.425
462.762
463.099
463.436
463.773
464.109
464.445
464.78
465.116
465.451
465.785
466.119
466.453
466.787
467.12
467.453
467.785
468.118
468.45
468.781
469.112
469.443
469.774
470.104
470.434
470.763
471.093
471.422
471.75
472.078
472.406
472.734
473.061
473.388
473.715
474.041
474.367
474.693
475.018
475.343
475.668
475.992
476.316
476.64
476.963
477.286
477.609
477.931
478.253
478.575
478.896
479.217
479.538
479.859
480.179
480.499
480.818
481.137
481.456
481.775
482.093
482.411
482.728
483.046
483.363
483.679
483.996
484.312
484.627
484.943
485.258
485.572
485.887
486.201
486.515
486.828
487.141
487.454
487.767
488.079
488.391
488.703
489.014
489.325
489.636
489.946
490.256
490.566
490.875
491.184
491.493
491.802
492.11
492.418
492.725
493.033
493.34
493.646
493.953
494.259
494.564
494.87
495.175
495.48
495.784
496.089
496.392
496.696
496.999
497.302
497.605
497.907
498.21
498.511
498.813
499.114
499.415
499.715
500.016
500.316
500.615
500.915
501.214
501.513
501.811
502.109
502.407
502.705
503.002
503.299
503.596
503.892
504.188
504.484
504.78
505.075
505.37
505.664
505.959
506.253
506.547
506.84
507.133
507.426
507.719
508.011
508.303
508.595
508.886
509.177
509.468
509.758
510.049
510.339
510.628
510.918
511.207
511.496
511.784
512.072
512.36
512.648
512.935
513.222
513.509
513.796
514.082
514.368
